3	24.647469
4	15.619425
8	10.061228
9	9.274556
11	46.484386
15	54.51311
17	26.661495
19	11.039175
21	7.7969255
27	3.059643
28	57.94457
29	18.49592
30	51.88898
35	70.27029
36	8.466379
37	53.306168
39	25.000261
42	4.215621
43	24.052706
44	8.791408
46	26.171127
47	11.252156
48	36.44337
52	12.662105
53	4.471397
54	47.225864
58	7.461605
59	14.141264
60	16.49951
61	5.631818
62	24.526676
63	12.79864
69	4.7583942
70	36.8769
71	8.638743
73	34.765396
77	8.780791
80	5.7317357
81	15.181477
82	22.570263
83	19.252256
84	17.586235
86	10.58004
87	19.076782
91	29.143616
92	1.4788194
93	25.959036
95	4.3092647
97	19.537586
98	5.824912
100	3.1354485
101	6.9848137
103	5.55356
107	7.7910647
109	2.6050198
110	11.668778
111	4.202697
113	23.142736
116	8.660377
118	2.90729
119	8.797345
120	11.058742
121	6.2266674
126	11.181008
127	6.69606
128	15.460414
129	20.826906
134	18.371574
135	137.22713
137	15.57885
139	13.3700905
141	10.384417
142	7.561597
143	26.786045
146	31.789938
147	27.898195
152	14.708599
153	25.780294
154	54.305107
155	6.8778095
160	14.973329
161	73.45015
163	16.692137
164	76.50019
166	24.129871
167	10.324915
168	7.0381937
169	26.729954
170	27.975935
171	28.958055
181	11.800472
182	10.639772
184	9.178892
191	31.669643
193	21.246723
194	122.39242
196	22.612322
200	8.818777
201	14.763011
206	6.2078443
207	17.022127
209	11.872903
211	28.765923
213	17.030056
215	75.90159
216	100.525696
219	7.936462
223	26.895802
225	8.514862
226	6.3994355
227	16.635298
228	5.0604696
230	14.653531
231	28.616055
233	11.884533
234	20.340258
236	6.1609783
237	117.123405
238	28.223213
241	21.410631
242	20.308277
246	9.11056
247	73.90988
250	18.705833
251	7.7036376
252	25.244825
255	13.4405775
256	29.671177
259	48.135258
262	18.759544
263	30.712074
269	41.77176
270	10.517604
272	33.270996
273	41.42207
274	7.468237
276	26.242247
277	35.124027
283	6.1939325
290	12.973722
291	11.65224
292	130.45528
293	5.948838
296	6.7744646
298	71.10944
299	48.559986
300	4.7688584
301	10.482774
304	27.9748
306	6.062078
309	81.332726
310	2.8845677
311	18.7703
313	9.317889
314	20.334278
315	4.312003
316	17.550436
317	10.054447
318	21.017782
322	35.985123
325	6.020822
328	7.351165
329	30.993914
336	34.116417
337	12.356551
338	7.4985676
340	39.323956
343	5.411977
346	11.760297
347	3.9648628
349	4.725515
354	5.3225393
355	22.167118
356	25.022427
357	53.40988
359	22.309168
361	15.057934
363	9.6514845
365	13.041768
366	6.651023
367	26.161291
370	29.423347
372	24.419706
374	121.534744
375	9.913211
376	23.67402
377	66.582306
378	8.243105
380	45.95769
385	13.038279
388	18.72647
389	7.0244308
391	20.695877
393	8.035478
394	4.8997097
398	21.144024
399	24.35248
400	17.83521
403	29.81853
405	31.775295
408	5.4988675
409	4.329783
411	45.617672
412	41.220234
417	5.41889
418	21.121092
420	6.642004
423	35.747395
424	9.619838
425	18.36607
428	6.1600437
431	24.416569
432	11.179267
436	5.859889
439	16.226921
440	7.833051
441	7.1742425
442	40.838184
444	14.215397
445	47.30797
446	7.8807993
451	41.398407
453	16.363956
454	11.082054
455	12.263539
459	57.183453
461	20.94594
464	15.484074
465	24.686718
467	6.7186947
472	13.109428
475	23.374046
476	4.3035617
478	4.415122
479	9.337802
480	15.381568
482	66.64915
483	5.979971
484	14.165848
485	26.265297
486	20.181355
487	19.93264
489	10.88095
492	28.64234
493	3.2530868
494	28.587791
495	5.6712875
497	10.445998
499	15.181638
501	7.752313
504	11.902819
505	29.985289
508	20.695208
509	16.217052
512	16.166962
515	34.912186
517	4.779546
520	43.624752
521	10.254976
522	27.676016
525	18.053835
528	8.334182
529	14.075624
533	6.446202
535	38.302956
536	10.595606
538	23.484844
539	5.1417494
542	37.03493
543	3.2359822
544	16.475952
545	19.616684
546	13.229047
547	22.789276
551	19.91059
552	8.356305
554	11.034494
558	92.64285
559	37.872974
561	6.8719378
563	7.06557
567	7.918375
568	8.047118
570	18.0076
572	13.204463
576	22.969841
580	9.952817
582	35.5682
583	12.458621
584	3.848035
585	4.045542
591	12.067504
594	9.049901
596	9.240068
599	17.380323
601	6.0208073
603	70.96563
604	14.669941
605	26.010227
606	7.1331253
608	33.579056
612	11.754666
620	24.546564
623	18.88901
628	5.738564
630	31.451168
631	3.0642252
632	11.770607
633	9.07961
634	5.939662
635	62.326134
637	6.2139
638	35.351276
643	28.440762
645	22.914593
648	8.233079
649	8.791011
650	20.999876
654	21.298243
656	6.9538875
657	14.96439
661	23.485302
667	6.4063873
668	29.302465
669	32.324715
671	6.0535707
674	30.335554
675	7.2328424
677	6.697184
678	8.922367
680	39.284424
681	5.371949
682	23.220903
683	9.96776
686	27.803135
687	8.602355
690	5.158004
691	41.128944
692	14.6499605
694	11.738258
695	3.3212862
698	18.919918
700	10.578223
701	30.72835
705	77.91299
707	21.447632
708	15.2129965
709	101.99733
710	24.13824
712	6.436719
716	15.365963
718	20.135626
722	10.568677
724	17.240223
725	64.48421
726	28.323282
728	3.6055448
729	9.678288
730	22.815544
733	34.76209
734	9.93766
737	30.217928
741	66.0892
742	11.5815325
747	22.183834
748	21.028158
749	9.177667
750	7.638181
751	18.158297
754	9.30569
755	9.624883
764	65.99051
767	75.483
768	9.469481
769	6.5506716
778	20.126625
782	2.6170695
783	10.658308
786	7.4418993
787	22.489923
790	26.235771
794	20.998785
796	33.605488
797	14.127449
800	30.690945
801	9.994589
804	3.2806158
806	4.0925493
807	13.007446
809	7.097842
810	29.998363
812	1.3880756
815	37.39148
818	18.616735
819	6.751881
820	24.371275
823	51.688457
824	47.75403
826	217.54878
829	32.000744
831	54.387486
832	57.110054
837	16.535168
839	41.174297
840	13.901213
841	7.058308
842	23.242884
846	11.74796
847	7.0129857
848	13.133292
851	22.794321
853	9.288649
854	13.535524
855	36.016552
857	23.403418
858	28.429483
861	34.02229
862	65.305115
863	66.16233
864	5.2503295
867	50.239906
869	24.966444
871	5.506777
873	6.9431143
874	109.26601
876	55.889477
877	36.45646
879	6.056958
881	10.609536
882	55.56751
883	9.150337
885	18.777853
887	6.9514875
888	18.452366
889	11.2334795
890	32.389103
895	33.688347
896	5.8173594
898	6.422699
899	30.890463
909	7.5918684
911	27.329132
912	13.888559
914	128.33926
915	9.414283
918	7.3969207
919	14.996087
922	6.178234
923	17.85587
926	20.022568
928	9.394833
931	7.6220813
932	43.335976
933	4.7775187
934	16.357033
935	28.927122
936	4.157656
938	38.72181
945	5.0247803
946	4.172303
947	10.272014
951	9.924967
952	27.937883
958	70.42888
959	17.012774
960	20.486681
961	3.968533
963	22.970911
965	4.770401
967	6.6989145
968	20.77722
971	6.2482996
972	5.9733467
978	49.055737
979	6.379237
980	25.10458
981	16.614729
982	19.691458
985	107.897125
986	158.81035
987	5.0242233
989	23.927689
992	25.145235
994	6.4304996
995	24.767942
999	15.178188
1000	3.513435
1001	102.49878
1002	7.0256224
1004	25.266392
1005	28.905996
1008	12.622607
1009	12.154901
1010	15.477948
1013	12.036857
1014	42.352917
1016	37.11087
1017	9.14997
1018	80.23485
1021	6.7238955
1022	10.003222
1024	12.495353
1030	59.256645
1031	11.79349
1034	8.032396
1037	37.903717
1038	43.353622
1042	8.54158
1044	21.313765
1047	17.136803
1048	15.137252
1049	10.716769
1051	6.7540417
1052	28.259365
1053	6.684523
1054	6.9272604
1057	9.21675
1060	15.423202
1062	54.76084
1064	18.649307
1065	1.9786186
1066	28.378925
1067	11.661838
1070	7.5711393
1072	6.092293
1073	13.6934
1075	6.2600703
1076	5.9918094
1077	70.10908
1078	45.608932
1083	6.9847884
1084	6.63733
1086	100.838
1089	6.8800616
1091	19.813835
1092	23.830658
1093	25.374157
1094	12.729467
1096	12.084971
1097	31.32972
1099	10.913274
1101	9.413235
1102	14.15254
1103	53.123047
1104	9.961164
1106	17.219082
1108	3.016195
1109	64.894485
1111	5.447987
1112	20.79487
1113	17.309277
1114	6.6475716
1116	11.2456045
1117	42.18446
1119	12.012504
1122	18.4847
1124	4.6770678
1126	21.150618
1129	2.6071062
1131	4.6412935
1141	39.359688
1144	2.2397656
1145	12.595747
1146	16.47454
1147	41.936993
1149	7.3017836
1152	24.128805
1154	23.607225
1157	11.684819
1158	11.528753
1159	5.995765
1160	8.642099
1162	10.629364
1164	5.493799
1166	9.390218
1167	19.524733
1170	20.917198
1171	13.069496
1173	16.789186
1174	9.331582
1175	57.517025
1177	42.841263
1178	7.0715685
1179	8.654577
1180	17.26099
1182	39.258537
1184	15.91371
1186	22.513062
1187	3.249998
1189	26.599957
1190	76.97754
1193	27.166958
1196	22.710087
1198	1.8890479
1199	23.086441
1200	13.568998
1203	13.739676
1205	31.997667
1207	61.72641
1208	6.616537
1209	27.16007
1211	63.21706
1212	14.365737
1215	9.486379
1216	15.235842
1217	8.549196
1219	11.127039
1220	30.5819
1221	60.027576
1226	17.488977
1227	18.986767
1229	7.0282173
1231	2.8028393
1232	12.972459
1237	10.1181555
1238	32.613613
1240	66.33908
1242	15.245261
1244	40.8485
1245	24.392687
1246	20.08676
1247	8.480546
1248	10.283689
1250	27.139812
1251	54.440083
1255	16.679317
1256	11.897644
1257	49.681168
1258	3.6140537
1260	31.286636
1262	62.86046
1264	13.82914
1266	41.329754
1267	10.158396
1268	26.51819
1272	9.671633
1276	14.73644
1283	8.673736
1285	12.404201
1287	12.49306
1288	15.866123
1289	5.751631
1291	6.9367075
1295	8.121229
1296	17.339077
1297	7.8265567
1302	25.308327
1304	15.574913
1305	11.7475195
1307	37.50618
1308	30.59601
1309	6.1898346
1310	32.620804
1311	18.467867
1312	5.914427
1313	11.020694
1316	42.44015
1321	89.42164
1323	5.771517
1324	26.159393
1325	15.110999
1327	19.6348
1333	6.1879177
1336	71.46814
1342	27.210718
1346	9.8024435
1349	42.377155
1354	23.405437
1355	26.785215
1359	50.427513
1362	9.449436
1364	17.865793
1367	5.7076225
1369	7.590044
1370	8.7153635
1373	16.772058
1376	21.933804
1377	18.2746
1380	4.7315836
1382	39.856968
1384	12.06494
1389	22.276377
1391	10.383085
1393	9.761316
1394	41.265274
1396	5.263858
1401	7.232754
1402	20.521769
1405	29.08666
1407	53.28085
1410	128.3357
1411	25.759077
1412	23.28228
1414	12.630009
1415	8.887653
1416	6.315995
1418	30.194296
1421	52.306236
1425	26.174562
1427	5.4850936
1428	5.1201134
1430	15.038284
1432	43.17672
1433	5.0184727
1434	33.631786
1435	22.0139
1436	15.500538
1437	26.138578
1439	12.932186
1440	8.426385
1442	31.343483
1445	37.877197
1446	15.249021
1454	18.876278
1457	13.70593
1458	13.471321
1462	9.791204
1465	18.817097
1466	20.88183
1467	22.889061
1468	76.39889
1470	10.113198
1471	12.5709715
1474	8.34191
1478	5.611532
1481	31.085306
1482	13.632948
1483	4.023374
1486	10.62764
1488	40.73908
1490	15.270934
1491	12.606908
1492	48.395214
1495	9.969321
1497	47.773315
1498	25.674494
1500	25.603825
1501	45.238457
1504	33.08616
1507	20.130024
1509	20.495611
1510	21.657461
1514	21.537304
1515	16.486145
1518	79.80459
1520	16.262812
1523	17.81966
1525	51.62076
1528	14.81296
1529	2.7317767
1531	4.6788626
1535	8.936582
1536	26.968374
1540	29.205784
1541	18.606361
1542	47.068203
1543	32.83405
1544	12.628928
1546	11.795816
1547	8.427992
1549	59.78175
1550	7.0882416
1555	36.402016
1557	19.37308
1559	213.367
1560	39.245567
1562	37.521507
1564	5.756773
1566	20.542152
1568	7.582853
1571	23.742334
1577	15.835284
1579	14.550893
1580	14.70169
1582	7.614383
1585	5.470953
1586	11.656974
1588	11.618794
1589	56.551815
1593	3.3022723
1594	61.495026
1597	22.245155
1601	24.744219
1602	2.982553
1603	15.679819
1605	56.756992
1608	9.821417
1609	10.53174
1611	23.04161
1612	4.1177063
1613	12.879565
1615	14.681071
1616	6.9271584
1617	8.362828
1619	36.464703
1620	7.659603
1621	21.85413
1622	25.71755
1623	21.850163
1624	10.320619
1625	10.406929
1626	16.36812
1627	21.559975
1628	22.83187
1629	15.827993
1630	4.092678
1632	20.88263
1633	12.990574
1636	13.700935
1637	8.88063
1639	18.007362
1640	5.752247
1643	6.509807
1654	55.361534
1767	20.443235
1776	22.768526
1782	52.250114
1795	19.534597
1804	21.447735
1805	22.009327
1875	23.04176
1930	14.001226
1954	21.994167
1960	20.36361
2029	6.879625
2044	5.6261883
2204	40.043827
2205	33.122776
2206	7.779914
2233	8.371461
2246	11.78203
2322	22.029783
2348	17.022205
2370	17.797308
2407	26.875042
2411	26.875042
2430	38.260765
2469	56.593952
2471	54.85351
2645	97.131355
2647	17.001068
2653	27.957731
2657	29.415487
2664	9.096539
2667	24.715302
2682	17.01072
2699	4.6740785
2707	5.549377
2827	16.60877
2939	6.2241755
3010	14.91616
3021	12.463417
3024	20.785461
3057	58.487705
3147	26.701218
3175	70.06509
3211	34.231506
3216	1.7401817
3217	76.45378
3291	8.897974
3294	9.725256
3301	69.9847
3427	14.854511
3431	121.3308
3437	22.204884
3445	80.57835
3457	34.208965
3462	28.623568
3475	29.671982
3529	16.070482
3538	3.8821952
3540	60.281708
3588	51.418896
3685	22.850485
3701	26.100843
3734	24.718365
3758	23.10924
3842	23.152517
3856	7.9401517
3987	20.182291
4021	21.981565
4025	49.465565
4081	42.729916
4133	7.2147636
4137	43.61437
4173	12.237564
4186	73.6287
4187	80.21421
4236	99.88846
4272	3.4631586
4334	65.74939
4377	26.842566
4382	303.4028
4449	23.14487
4472	8.298572
4489	2.9651673
4494	15.180566
4612	48.458164
4615	64.50837
4619	39.785156
4660	14.799318
4743	46.22607
4850	77.454865
4859	8.0429325
4861	8.728839
4908	43.174053
4918	5.8379154
4959	20.013582
4972	15.875022
4988	6.968967
5000	28.355238
5011	10.495452
5054	29.415724
5089	2.5825772
5161	47.18188
5214	24.382477
5216	10.950179
5218	6.5545216
5251	38.0362
5287	73.10079
5388	50.21711
5405	9.390787
5421	137.26093
5591	1.9034595
5596	6.047305
5608	116.989975
5648	21.402819
5672	30.87076
5715	26.917202
5730	4.4084177
5755	10.864241
5765	8.97757
5832	8.870178
5997	19.031317
6112	50.755634
6113	50.755634
6121	49.862556
6129	12.318875
6155	2.8912017
6157	3.5699573
6159	33.15605
6196	27.040232
6230	27.60643
6241	36.377815
6362	62.357388
6387	32.551666
6623	19.030348
6628	26.06811
6633	152.75854
6680	23.915497
6681	23.753534
6713	40.18868
6741	9.204536
6772	59.514378
6806	14.755805
6899	65.694305
6929	8.926716
6978	4.9359646
7058	13.821276
7085	0.3587399
7090	79.525566
7158	67.71565
7179	15.637886
7194	9.052886
7201	12.900759
7202	31.033443
7203	72.59375
7227	9.660725
7244	27.402857
7252	24.423662
7255	22.905638
7256	25.688255
7295	2.4879894
7327	18.464216
7331	2.005093
7352	6.3644905
7476	57.261936
7504	17.58063
7532	16.004606
7595	36.82606
7606	46.779625
7625	2.9430134
7663	83.11054
7682	7.853477
7708	24.19495
7725	20.042185
7746	28.509518
7833	3.9784493
7913	33.19584
7916	29.48969
7954	49.242237
7979	48.1916
7984	50.014122
7997	6.489735
8003	36.81419
8019	29.443775
8026	8.847272
8054	34.51769
8078	27.722387
8086	26.490368
8137	20.430346
8164	27.175186
8250	6.7005343
8323	8.754443
8343	30.655666
8403	17.28332
8505	4.790885
8506	4.7920423
8553	23.051903
8576	61.203808
8596	73.98279
8599	78.82733
8620	28.28411
8623	32.070915
8627	12.898547
8679	4.3660107
8685	5.2623434
8773	31.673943
8788	62.110535
8791	41.06878
8806	2.8176908
8924	13.504756
8952	24.941275
8966	56.2087
8967	60.949043
8975	50.13092
9038	11.80103
9116	13.3469095
9120	14.389065
9129	8.917993
9135	8.917679
9162	7.611302
9238	90.88045
9286	42.046886
9304	64.17764
9339	22.964693
9348	15.363225
9349	22.964693
9370	2.9105172
9381	26.30039
9385	26.683947
9413	20.043884
9480	11.923902
9498	11.682599
9607	28.22271
9637	28.563368
9738	36.93926
9816	36.146175
9894	7.667687
9931	15.756393
9932	15.185209
10032	35.62714
10124	62.64447
10158	259.2065
10166	27.749277
10198	12.776397
10204	12.183928
10471	11.931333
10550	24.619806
10568	47.457203
10636	151.59334
10690	35.788746
10713	35.493217
10726	21.482506
10728	47.4879
10750	3.7919252
10792	28.269302
10869	130.43567
10878	22.893452
10902	78.18305
10993	18.29832
10999	19.0912
11000	19.131577
11026	60.388138
11080	32.495583
11081	25.5436
11176	101.48228
11268	116.040634
11275	31.13794
11296	44.67609
11348	38.294785
11355	11.753148
11368	39.208256
11432	10.0494175
11459	6.9796185
11595	8.875829
11720	13.900759
11742	27.721886
11760	104.394455
11766	104.394455
11767	104.394455
11771	98.90387
11975	13.681619
12038	29.962627
12039	32.12034
12106	4.41377
12161	67.295
12169	32.661774
12280	54.21063
12284	2.5950258
12359	10.46338
12391	18.697348
12424	54.94866
12425	58.49256
12457	88.82713
12505	6.044504
12519	29.052078
12539	28.767006
12553	71.5397
12562	37.9677
12586	10.098944
12597	10.327607
12614	6.218518
12619	8.111587
12653	55.1272
12688	51.514244
12724	58.732784
12730	28.67874
12734	3.5227017
12766	8.841209
12777	2.756863
12778	41.975773
12832	15.122057
12995	10.406728
13046	11.707742
13085	47.014385
13090	48.135258
13358	13.711265
13360	14.2747345
13438	4.7371125
13472	19.122671
13514	3.3400779
13546	21.09863
13556	12.727528
13579	12.959756
13676	42.87027
13682	9.818862
13685	213.39499
13722	12.907932
13886	39.46698
13918	34.254677
14026	7.9458237
14075	41.05195
14089	39.44204
14116	32.912632
14159	209.12924
14173	53.887924
14213	9.038109
14266	40.87811
14285	20.411366
14286	18.92255
14302	19.053385
14382	23.064445
14411	20.789309
14422	35.016045
14439	55.28369
14440	56.307888
14452	55.09049
14466	57.56567
14570	15.939089
14622	16.555038
14707	28.732819
14728	101.74675
14754	90.64661
14801	23.051867
14803	23.79085
14811	28.219063
14819	25.549221
14931	22.953959
14952	82.33248
15203	71.57216
15226	88.702835
15227	92.31218
15330	25.453186
15344	51.736713
15351	66.97401
15442	3.217793
15595	46.927525
15759	33.707546
15786	20.703087
15849	15.347745
15863	10.37802
15877	13.807012
15891	19.046587
15907	9.433958
15923	5.039232
15930	5.039232
15933	20.654974
15934	20.437878
15940	18.44023
15953	10.583961
16013	36.76122
16021	40.028297
16094	5.686379
16118	87.323425
16219	12.438725
16289	10.279052
16292	9.422389
16449	43.656708
16492	43.12839
16555	8.17026
16571	17.952911
16646	14.604437
16650	95.64753
16769	37.292446
16813	17.76671
16820	9.827119
16830	85.054245
16857	58.3975
17044	11.617228
17047	11.617228
17124	4.3495455
17125	21.71959
17136	39.00481
17177	9.26642
17251	9.539861
17297	20.491207
17343	99.69504
17409	60.51891
17418	239.02455
17467	18.000032
17551	7.0090537
17554	45.50454
17574	28.271128
17577	24.62841
17602	12.469846
17604	9.318938
17606	6.8312597
17632	19.600729
17642	8.971248
17647	9.6564865
17727	55.324657
17743	18.155315
17772	73.31779
17773	73.289764
17801	31.223112
17829	28.072277
17833	37.693363
17853	108.88451
17858	51.311703
17914	30.677444
18003	37.702175
18068	19.201565
18069	17.044523
18102	8.159114
18116	17.18549
18143	109.85826
18191	14.2244425
18195	8.136739
18227	19.61977
18239	22.371487
18315	19.680487
18328	71.23806
18398	30.010592
18430	166.3644
18498	24.741602
18623	148.60098
18638	123.55171
18645	37.29132
18708	70.25093
18720	91.19342
18727	7.2215247
18729	7.1690664
18774	52.51527
18833	9.762727
18880	48.99314
19022	57.36665
19047	48.123493
19063	26.835884
19066	28.41399
19068	28.419935
19069	27.898195
19078	18.904938
19115	2.816527
19116	2.7961223
19117	2.2404728
19201	75.677216
19299	20.636797
19302	2.9289753
19307	37.040127
19314	53.263134
19339	5.4849024
19373	34.440865
19437	40.439384
19438	39.633057
19455	31.967499
19488	8.793281
19493	27.953266
19515	8.079092
19517	6.3788157
19592	62.99858
19606	18.678217
19623	18.03151
19979	11.270183
19988	39.47377
20013	37.664997
20108	57.24836
20119	17.893705
20161	52.496407
20267	25.101013
20308	25.60953
20313	27.94147
20487	6.517687
20501	4.980133
20550	5.1256075
20555	7.021069
20564	23.75349
20577	7.379308
20631	19.0656
20637	32.350998
20706	10.548705
20737	12.348203
20744	12.592727
20762	14.474298
20770	72.70882
20850	18.39931
20851	17.979362
20892	79.53972
20912	47.92724
20949	33.96765
20981	34.47343
21080	82.994995
21082	69.5217
21084	68.164566
21147	73.69896
21163	39.127724
21165	38.19356
21185	295.8612
21199	28.764893
21241	15.185367
21331	2.6567152
21394	10.652257
21412	9.812298
21551	37.188812
21560	31.090471
21572	8.521638
21606	19.782127
21611	18.787506
21639	8.403006
21651	8.400557
21675	25.546127
21753	32.253452
21765	6.952792
21789	69.82217
21805	63.73535
21814	60.962013
21821	35.297054
21883	29.81464
21906	31.450249
21960	11.069725
22031	17.885935
22046	145.36977
22056	17.946545
22070	51.206432
22257	22.307312
22258	24.92643
22261	25.847422
22278	9.826848
22295	14.125565
22324	15.994151
22346	20.347992
22373	20.185942
22416	19.402216
22444	21.380945
22480	69.13722
22604	29.622826
22642	7.4145236
22666	35.182247
22693	34.004005
22696	15.982142
22733	3.5079968
22757	8.366858
22769	4.7203135
22886	33.016235
22926	6.453708
23029	52.689236
23078	7.378116
23115	63.229538
23156	63.64165
23174	41.087795
23185	42.052807
23235	7.077659
23261	6.893358
23281	8.7633915
23317	35.566372
23353	21.148607
23377	12.863807
23413	35.623817
23440	11.770407
23550	125.84533
23564	6.5298324
23568	6.632439
23574	41.610497
23579	3.6538537
23687	28.170488
23906	56.419765
23918	53.127533
24048	38.774887
24128	8.953164
24131	11.774233
24315	66.64758
24338	9.422669
24409	1.7001379
24599	6.4295397
24616	14.958237
24748	12.657671
24764	14.637035
24765	14.637035
24789	10.892572
24839	47.197704
24884	42.37153
24929	50.940823
24935	52.18758
24937	44.34947
24985	35.820755
25021	26.846025
25094	21.466574
25141	28.722267
25156	18.70853
25343	2.892847
25405	36.046696
25418	28.589499
25465	15.619447
25470	7.307194
25487	33.832844
25517	25.889828
25582	6.2242713
25677	56.236378
25694	54.060455
25723	12.284679
25725	4.1356997
25732	14.792515
25733	12.748623
25740	15.877556
25765	48.653557
25807	19.224329
25829	19.384317
25845	19.760195
26091	138.63692
26142	52.825928
26185	34.37109
26187	34.37109
26200	13.858312
26218	15.244104
26251	38.050583
26270	1.4394157
26310	38.69775
26321	13.72036
26351	20.43825
26533	7.7233357
26543	37.93568
26596	45.532593
26605	17.69358
26703	59.692215
26832	7.2982616
27065	29.451897
27077	99.54664
27078	102.66147
27129	4.790958
27171	5.7723613
27191	4.289427
27310	25.927843
27388	8.598506
27393	36.348618
27404	8.235973
27440	5.362117
27498	26.278643
27526	2.9422119
27538	15.693856
27627	5.953184
27648	121.14966
27650	122.15563
27663	5.161656
27765	26.177328
27793	25.277111
27811	27.577974
27812	26.915003
27829	26.91159
27884	8.761049
27930	82.86109
27988	12.511464
28028	10.330821
28057	37.28643
28090	109.00456
28120	18.888443
28140	16.730532
28153	28.08239
28173	53.77805
28221	13.647482
28229	15.237155
28243	9.663534
28249	19.580435
28305	30.70627
28350	9.522851
28437	103.43429
28485	34.808468
28504	5.844722
28702	51.010254
28769	34.2667
28785	13.319116
28792	62.993702
28809	8.009152
28813	23.174603
28841	338.47244
28870	14.796137
28901	22.163828
28929	14.125567
28944	38.12338
29054	106.05851
29155	57.128716
29156	22.956257
29235	40.245716
29236	41.4015
29327	11.236626
29391	47.412888
29420	219.64874
29426	206.58156
29487	43.717194
29488	40.613514
29500	47.42791
29515	44.20078
29516	40.613514
29604	107.81506
29714	5.492256
29836	87.168015
29847	56.564445
29857	9.419015
29862	43.017616
29885	29.491634
29983	11.677984
30027	8.198915
30035	16.517296
30134	29.577988
30157	29.911322
30251	46.989563
30343	39.852283
30396	14.306181
30431	19.108912
30444	46.193188
30504	36.820107
30520	15.440399
30553	26.29717
30860	9.949827
30885	9.043261
30887	9.043261
30904	3.2635717
30967	30.747349
31085	61.509502
31106	24.995098
31110	27.89085
31205	2.8774903
31254	18.373549
31265	20.792152
31271	2.8423784
31367	2.5682986
31402	82.76999
31433	68.97715
31447	114.1035
31464	18.270426
31499	28.078344
31503	23.622082
31604	3.6252017
31656	20.669064
31676	4.884277
31685	5.5222106
31781	11.989972
31875	16.25525
31888	84.53016
31893	10.348291
32008	52.470768
32013	52.465523
32035	49.37179
32093	11.089245
32095	14.86361
32124	28.5728
32157	19.67422
32159	13.843269
32169	44.988728
32174	50.783085
32184	16.06876
32192	52.738815
32204	67.88275
32225	9.655614
32237	121.371765
32259	9.402369
32310	26.085407
32394	14.3305435
32403	26.348444
32422	27.009724
32514	40.399643
32633	14.189198
32669	14.202066
32747	24.906443
32778	11.551736
32816	40.601044
32844	16.88408
32848	16.344551
32985	11.950831
33015	19.16663
33037	31.020817
33068	4.295474
33133	24.4374
33140	30.221468
33162	41.99985
33189	42.856777
33237	14.232391
33272	10.225668
33293	17.1536
33294	15.72552
33295	14.432057
33301	7.4080257
33386	16.574135
33388	16.909428
33398	53.115376
33430	15.282319
33525	44.879406
33562	7.306987
33581	8.550053
33662	6.1675715
33709	42.65522
33753	20.029943
33762	28.85124
33804	62.22119
33941	15.329212
33963	11.040744
33967	95.537155
33972	17.422543
34040	13.046302
34049	16.356607
34054	64.90012
34084	7.7383842
34116	12.206082
34124	50.39404
34151	4.3667736
34164	47.312172
34178	55.71761
34255	4.65606
34298	24.173725
34345	19.722239
34350	16.448082
34389	20.335222
34392	22.50284
34644	43.386566
34758	60.67331
34789	30.608261
34836	22.03381
34979	25.93999
35023	24.294697
35024	22.948444
35085	9.605883
35095	71.959816
35247	31.566193
35252	32.907978
35258	31.086386
35261	30.890463
35355	18.873806
35401	194.1385
35402	194.00435
35437	8.852649
35440	15.095037
35485	24.186178
35532	14.820865
35550	33.526802
35551	30.312971
35552	36.186436
35561	11.629244
35600	19.44992
35604	29.66294
35658	118.75266
35661	28.648863
35677	56.816975
35711	11.415082
35723	32.826916
35842	5.2985697
35849	30.612864
35913	79.80585
35915	79.4411
35983	13.705188
36047	244.19458
36054	13.346527
36123	16.158123
36151	3.1287327
36166	14.415836
36193	48.70129
36225	30.266645
36260	13.764164
36262	8.430899
36263	13.25755
36392	21.229673
36436	25.063282
36640	17.65744
36694	42.18887
36734	15.79523
36777	45.327003
36863	30.733953
36868	13.35386
36873	13.353219
36883	3.3489652
36940	45.462547
36946	45.462547
36961	45.462547
37024	37.057907
37080	13.959655
37087	13.959655
37116	6.196843
37168	7.299155
37172	5.3627734
37196	6.4573054
37215	84.468925
37259	37.670845
37310	41.1684
37344	31.121565
37433	5.3041625
37447	11.789277
37454	11.564868
37554	12.607463
37613	11.820747
37615	10.005108
37664	10.954549
37753	15.604388
37831	103.68718
37913	8.252279
37943	116.70184
37945	116.69202
38019	19.52582
38268	18.562836
38338	18.322378
38393	28.1321
38394	39.600853
38578	20.848856
38580	22.293129
38583	21.93599
38584	22.17903
38715	42.76883
38747	32.163597
38758	22.51672
38771	53.472797
38822	62.45965
38839	210.81708
38849	221.17609
38865	7.5432043
39025	12.095382
39027	20.727919
39044	4.48778
39118	74.345566
39123	20.610493
39127	11.904137
39161	46.72522
39170	85.3847
39189	98.71024
39252	38.05527
39264	26.848423
39418	19.646116
39422	38.09997
39446	36.245434
39470	27.519875
39499	14.975089
39577	23.034018
39579	25.431438
39604	25.81413
39701	331.01892
39716	73.73467
39732	6.694821
39885	84.11959
39981	9.093618
40022	28.429422
40035	30.453163
40103	12.68024
40205	31.379028
40276	51.21967
40287	44.4223
40313	15.763423
40353	111.748505
40500	44.86443
40522	29.919315
40558	65.06963
40587	16.061028
40606	4.708615
40633	20.105036
40652	3.8280196
40653	3.141815
40668	257.85052
40669	15.49868
40691	14.129004
40715	30.407795
40723	27.677069
40759	3.5045629
40764	13.989461
40765	14.002603
40827	78.566826
40884	45.81983
40909	27.256483
40946	44.296368
41035	16.285473
41044	48.854454
41088	5.1347737
41093	5.135868
41095	5.168245
41121	48.93839
41140	8.602046
41141	6.4876313
41150	6.1042547
41167	4.641974
41238	8.98548
41398	47.018257
41415	77.039825
41416	74.34262
41529	7.3509035
41550	83.76847
41741	50.26252
41752	15.546171
41928	19.614761
41973	38.36063
42054	25.129137
42063	21.86586
42091	10.3971405
42092	10.3971405
42144	61.233326
42249	16.520111
42268	11.315353
42407	15.069963
42428	8.618512
42487	36.02715
42504	46.001747
42534	24.559122
42614	12.627896
42698	25.386183
42847	46.539536
42911	14.651342
43018	20.341194
43131	19.403778
43230	23.731787
43259	11.242846
43269	28.435623
43281	249.52394
43290	23.72658
43442	13.660188
43476	10.900272
43606	32.67329
43789	6.8955007
43790	7.7846117
43865	58.116623
43884	50.186745
43892	69.2904
43904	216.55716
43927	6.3177176
43964	23.875704
43991	15.23257
44007	45.239155
44035	23.713387
44085	3.0895293
44148	30.253641
44162	14.5927725
44341	13.836982
44353	108.12633
44363	68.564026
44417	13.405693
44418	13.184075
44482	36.30384
44484	43.883354
44487	75.296745
44559	23.64867
44677	57.623142
44713	14.267098
44726	34.001152
44762	112.311035
44782	17.192139
44792	21.35822
44936	22.522223
44948	31.024977
44952	33.38348
44988	4.6092987
44993	21.76087
44994	20.107512
44999	18.335897
45001	20.107512
45110	7.9716883
45181	24.847006
45204	7.011717
45206	12.225659
45274	5.7832446
45287	12.158921
45343	43.58108
45374	245.83461
45399	136.84805
45441	48.37856
45512	44.761837
45515	38.984756
45516	40.530483
45517	40.752285
45549	42.66255
45652	105.34581
45653	110.06671
45669	29.536337
45679	16.006266
45689	82.84859
45707	4.9596233
45752	42.341656
45803	31.098003
45832	5.900881
45930	33.76728
45973	12.02782
46112	6.253513
46130	7.9295235
46143	33.111626
46171	1.7541857
46187	6.5948906
46402	76.4054
46404	76.4054
46447	11.735512
46497	12.182503
46545	41.10916
46559	11.960412
46580	255.6622
46632	3.626059
46635	3.6586752
46638	12.0233
46691	79.89172
46723	16.8027
46761	101.56664
46805	43.577908
46860	46.402775
46917	10.162559
46950	4.864803
46954	57.085705
46995	2.1674125
47050	14.945207
47058	9.894457
47103	28.907482
47136	20.398651
47177	23.558943
47504	48.648342
47512	20.388876
47545	4.3717027
47605	9.905154
47682	148.60115
47719	3.2642221
47762	16.442177
47795	19.692675
47849	57.802124
47851	17.674562
47870	6.2087207
47888	19.460297
48044	8.921907
48086	121.17352
48100	47.224365
48137	15.963654
48144	7.9675455
48157	20.172419
48235	15.804914
48282	113.361595
48354	30.343788
48366	27.096024
48401	33.33313
48410	58.964542
48433	25.511948
48466	17.747038
48480	26.616323
48485	11.960364
48507	14.807924
48519	44.43616
48535	8.713482
48583	54.50044
48601	79.36937
48625	23.31352
48634	43.98885
48708	50.424507
48981	16.93447
49030	48.936253
49068	31.948269
49090	24.657219
49132	12.015058
49236	7.9489555
49237	7.5598254
49306	25.678507
49335	37.109905
49352	29.968328
49373	7.711413
49393	60.640327
49522	50.441914
49569	18.748077
49676	25.86864
49690	37.28456
49703	10.817476
49737	5.7781115
49739	24.814857
49748	6.8311043
49750	224.63745
49755	91.746445
49787	6.69707
49806	39.172894
49810	26.362482
49931	13.724014
49934	45.84335
49969	66.718636
49982	9.399576
50082	33.79846
50105	3.8990881
50139	27.652712
50150	21.9168
50243	22.43456
50245	22.350197
50368	8.482375
50369	8.483956
50372	38.15623
50381	36.891384
50393	34.63961
50485	18.266771
50550	15.699904
50565	33.78006
50570	33.470554
50587	21.997385
50596	19.064201
50667	41.64841
50698	46.06933
50817	14.562013
50894	8.935977
50909	10.304658
50984	18.544563
50990	15.875423
51053	5.307037
51083	3.6741838
51099	11.849922
51100	13.115287
51178	23.96583
51335	27.81136
51351	42.083725
51356	91.32905
51470	8.358134
51488	27.303703
51509	39.404716
51524	37.037216
51553	61.61797
51683	84.22899
51687	140.33998
51700	5.0579877
51702	3.8101864
51740	9.722926
51781	23.221777
51795	23.811436
51807	21.027105
51890	45.07205
51941	16.397673
51952	14.512143
51953	13.588627
51967	15.6177845
51982	15.343793
52040	19.346792
52042	29.360859
52045	28.416212
52070	21.229729
52128	79.045586
52139	11.369476
52164	30.92275
52275	10.856636
52284	13.556164
52321	149.95381
52327	28.644445
52546	132.39264
52561	11.555869
52570	23.659374
52581	22.60195
52611	21.450066
52664	61.87567
52706	47.779755
52739	5.8062444
52743	5.7314353
52843	22.006086
52871	43.245647
52920	56.722828
52966	31.202463
53004	45.319237
53036	29.415209
53075	15.835187
53146	7.2434645
53235	7.656383
53247	16.596804
53280	178.03592
53326	7.628691
53494	23.743866
53518	62.901432
53523	54.068752
53675	14.626625
53684	31.558573
53839	32.37635
53871	25.918324
53874	23.691784
53911	27.534094
53968	19.145147
54090	17.285477
54107	23.535456
54119	16.373352
54120	18.34713
54189	22.50528
54200	31.58289
54216	135.78023
54376	10.4218
54400	3.9165335
54465	4.168808
54472	5.5502005
54473	3.8021076
54481	13.796783
54482	13.796783
54488	9.945901
54512	62.53928
54552	16.99409
54564	16.997053
54565	75.80204
54630	59.898052
54731	71.617195
54739	55.87675
54748	9.762752
54859	21.598705
54915	42.141228
54929	40.096264
54952	7.554842
54953	9.319685
54957	7.6928425
55021	17.214636
55027	6.240662
55035	2.9923081
55190	21.545383
55226	62.412884
55267	61.433853
55287	6.2178235
55296	75.98337
55550	31.530401
55632	15.536277
55650	14.423358
55665	14.705588
55795	23.560833
55849	4.1651764
55885	20.455584
55928	43.563663
56010	103.097946
56011	92.37299
56040	14.966589
56060	31.65091
56072	36.907265
56123	53.575706
56142	36.634747
56152	23.138254
56302	11.408621
56315	11.789945
56333	10.667541
56403	9.24179
56499	11.184511
56618	14.901965
56661	164.079
56689	32.67217
56699	24.998856
56899	115.321075
57012	124.22372
57056	14.394971
57059	14.246505
57071	92.70094
57141	26.729862
57149	24.364597
57228	72.66408
57229	72.27452
57230	85.81227
57295	26.640581
57365	12.813701
57372	186.71921
57383	6.341837
57508	2.4787877
57531	13.147248
57543	81.80345
57555	83.59845
57559	23.783127
57653	58.13529
57656	62.798645
57746	23.886187
57838	23.568981
57845	143.94179
57850	143.92644
57889	20.285078
58064	9.99119
58087	9.99119
58093	10.5731945
58102	54.311275
58137	10.369289
58192	27.906872
58202	25.422657
58203	25.749163
58235	26.389832
58237	27.725521
58281	25.647308
58284	26.200138
58285	24.653688
58286	23.872068
58427	33.965965
58430	5.7915545
58529	5.964139
58674	16.32485
58715	40.60275
58749	6.7176857
58813	71.44534
58841	6.462837
58962	39.198986
58971	13.685404
58975	12.414433
58985	10.395589
58997	8.119257
59014	8.424602
59045	11.532755
59066	10.53702
59068	12.865825
59113	29.624752
59176	13.876479
59300	12.908201
59395	34.101425
59411	33.142242
59442	12.627945
59486	49.500412
59625	58.667522
59632	123.8234
59689	25.61666
59692	25.735971
59762	51.35728
59813	23.60711
59818	23.420275
59826	29.73792
59827	30.316202
59888	38.08771
59916	73.48735
59953	20.530138
59993	22.683136
60031	10.911973
60041	22.782673
60060	17.727419
60128	15.332433
60144	35.489365
60169	41.718647
60223	20.715042
60240	6.4447236
60244	10.566054
60297	25.794159
60495	11.31181
60510	13.178757
60543	56.756992
60587	22.537703
60594	3.5185351
60682	25.219841
60729	128.00543
60741	18.01844
60753	19.67212
60775	5.993488
60802	37.240482
60806	37.429905
60835	60.609406
60879	49.86298
60903	10.867857
60908	20.489824
61001	104.95978
61024	28.505127
61025	27.586401
61034	28.498482
61035	31.02112
61048	24.124607
61105	19.203754
61174	56.01286
61291	6.8094387
61300	37.002678
61332	6.727376
61416	3.1911223
61470	42.89561
61475	43.953625
61538	8.74673
61543	2.606353
61602	88.61369
61625	23.953632
61635	18.80645
61675	19.950981
61730	22.714897
61759	24.717527
61794	13.948466
61800	13.096293
61803	10.715692
61825	24.377655
61844	14.411042
61923	7.739711
61939	7.4191747
61974	36.7012
61980	49.350338
61989	72.73683
62029	18.092327
62059	7.7115955
62062	8.543817
62124	53.614998
62136	3.848582
62253	119.05763
62281	25.009888
62282	109.36308
62360	35.110992
62442	110.77159
62448	96.05134
62457	8.218242
62467	38.619602
62519	17.01068
62539	48.228355
62591	13.593454
62619	6.468784
62672	31.021173
62737	12.968437
62753	6.2218924
62763	7.1853986
62951	86.760086
63016	13.131405
63037	28.83288
63046	20.041319
63076	15.50087
63110	42.244102
63164	68.98233
63272	10.367394
63382	41.942673
63427	131.9268
63471	23.278913
63684	74.56592
63700	15.74447
63743	31.743006
63747	47.755444
63778	9.763729
63798	19.134186
63817	33.922726
63843	60.539597
63873	14.802282
63885	9.161123
63911	14.949572
63916	14.902057
63918	15.823056
63947	6.6920686
63961	14.916787
64034	29.09146
64056	6.482798
64092	6.273683
64196	11.5245495
64239	39.833923
64263	90.99375
64345	51.49545
64359	84.22969
64367	7.5444884
64472	26.498194
64576	21.003511
64581	10.275625
64656	38.800022
64660	36.7741
64749	104.12907
64751	168.86682
64766	15.502936
64868	14.290175
64870	21.072323
64922	358.0932
64961	88.952446
64981	4.401582
64992	6.9948306
65008	37.270367
65021	34.077026
65045	21.503773
65054	21.397217
65074	97.31448
65114	7.1388364
65173	2.6791182
65324	10.698406
65360	80.826355
65394	29.488886
65454	37.633003
65480	63.296238
65487	4.641407
65494	10.0040865
65659	37.26818
65704	85.548355
65868	54.45294
65897	21.16123
66061	22.560818
66096	40.033173
66201	34.435165
66238	31.991137
66281	14.233906
66288	48.357872
66412	23.632479
66467	87.31418
66504	66.48232
66522	101.840935
66552	26.310377
66668	16.363422
66708	115.69425
66749	13.899362
66772	12.089506
66773	10.410226
66778	12.219487
66784	12.434905
66812	59.131924
66860	32.810818
66864	33.873238
66918	34.72595
66959	93.20793
66969	81.22289
67040	21.051474
67041	15.319222
67044	16.48369
67083	24.71712
67150	31.340393
67156	29.655764
67179	20.536366
67226	7.0577483
67282	76.586296
67286	91.05649
67291	31.410002
67327	1.8803115
67328	6.088408
67372	16.403831
67411	30.103817
67524	13.344298
67543	15.364727
67544	13.611307
67545	14.277917
67578	12.633302
67579	13.738549
67593	24.344927
67599	19.74571
67623	26.496233
67627	29.054358
67699	5.8102565
67706	6.140039
67707	4.8693547
67838	3.7808552
67845	18.83276
67850	56.920177
67872	10.788465
67874	10.042983
67876	37.131943
67880	10.353707
67925	16.32211
67972	102.73855
68019	21.84142
68113	17.815727
68119	17.815727
68128	16.640465
68231	71.528595
68397	35.42171
68408	30.053717
68411	35.77753
68571	39.163403
68579	9.489667
68605	20.41786
68661	35.558517
68698	44.968613
68755	36.564754
68761	42.252693
68803	171.75858
68890	39.76492
68975	25.042942
69010	16.347343
69051	32.90351
69121	25.108345
69145	32.1407
69146	33.62447
69158	36.697704
69179	12.949325
69181	17.532713
69198	19.332012
69363	38.214447
69383	83.849754
69394	74.81253
69436	23.868233
69589	45.61279
69717	21.30661
69721	30.7128
69750	11.495097
69775	4.123711
69790	35.84923
69874	8.009376
69886	20.0329
69889	18.070843
69916	15.610293
69952	9.071257
69991	10.778714
69994	87.06319
69997	156.34315
70056	5.8329477
70084	2.556735
70150	22.072773
70203	70.72087
70304	9.095316
70320	78.25173
70341	7.007961
70371	28.555271
70416	32.33411
70456	6.877476
70476	7.3240566
70493	27.102169
70557	4.9851933
70686	62.314335
70693	10.446881
70798	6.5410414
70994	14.955911
70999	13.547436
71039	20.796988
71043	31.572876
71086	52.227993
71201	131.27429
71209	59.068455
71269	100.79001
71276	95.80901
71299	35.879543
71385	31.027302
71396	6.8857155
71433	20.58296
71546	41.58603
71558	5.771783
71565	28.626749
71678	15.756958
71680	21.639742
71729	9.253667
71776	19.755222
71854	19.271086
71931	17.806211
71948	18.46777
72055	120.68502
72252	23.346766
72263	8.617591
72269	7.575126
72407	23.793917
72429	22.562948
72476	12.340615
72484	17.69568
72487	17.69568
72561	94.730934
72683	49.72208
72720	29.791948
72764	7.119492
72887	61.09409
72929	29.960106
72952	12.61983
72981	105.502754
73055	20.483013
73138	62.25074
73190	23.765322
73225	4.422071
73234	37.459274
73261	7.2233515
73274	9.5655575
73276	8.639007
73282	8.260881
73431	20.077612
73525	12.031954
73588	40.402138
73591	70.43737
73649	38.343464
73686	17.592789
73707	34.424362
73733	19.122232
73738	18.225487
73763	15.915021
73784	40.40286
73880	20.845345
73887	3.6717243
73931	21.352034
73940	7.676064
73966	12.592394
73990	11.839695
74022	12.349412
61496	105.863914
11262	8.824418
33289	31.813831
70230	34.045334
64950	1.9145255
62449	103.414925
11206	175.2059
26072	110.54271
52601	22.85845
24453	150.61359
64960	6.9634466
59225	11.491823
23794	10.690046
6135	86.62487
4252	4.8516445
45120	12.471574
52290	29.20399
33681	15.600647
8075	251.5498
55597	8.9845705
65422	25.286194
69520	79.41007
7023	36.131615
26775	19.28665
15908	9.433958
3424	41.981236
73548	26.842737
14427	20.713354
3865	10.222037
60881	54.491688
64572	12.864943
64843	34.835697
41185	27.759075
13575	3.259342
45351	8.436138
17732	55.394855
40650	8.387073
47195	10.041712
34952	12.634007
51543	76.703064
21154	73.84162
31702	8.55381
17086	15.88464
22143	65.14697
16844	55.740387
21744	26.963434
34499	69.679565
4860	8.041693
36702	30.468124
23352	20.881363
19474	21.541157
63998	137.84702
23411	33.58533
49881	17.60497
7775	4.013025
62057	9.59466
21022	20.614088
58956	22.91727
43814	25.35291
28356	11.704541
47481	51.562183
11204	176.06523
19579	35.198055
46584	82.35852
19287	12.291913
60468	23.6866
27989	12.092229
67020	21.501808
28046	31.748936
68265	15.983832
22618	34.870014
36203	23.356539
22976	14.098917
2377	4.1012673
14103	120.44339
45587	41.5609
44885	3.92208
41710	8.787356
28490	34.21626
33148	47.90141
22348	21.46489
47962	7.725727
55937	44.083275
26104	37.553738
41666	34.90549
17495	191.89404
52302	25.27885
67060	27.252441
39565	16.704605
21054	12.936459
26409	58.62718
19496	44.23692
66110	10.352857
4934	109.93795
18853	24.870552
34548	22.736628
23420	23.721
66108	18.640461
11838	21.726831
53623	6.849983
64657	30.654116
62306	68.18915
43130	16.115625
8546	19.455
23769	151.32819
51230	21.884356
22117	166.48987
27502	7.281906
2316	65.19444
48175	17.535492
73200	26.668633
66205	42.201294
9219	28.844297
64456	7.3275228
52760	99.53773
33348	15.868265
19326	64.44088
54294	28.851429
39969	12.607087
72938	234.39108
25648	29.968819
11560	57.285202
66851	52.46585
29895	26.684412
18590	49.890965
60632	98.66181
28137	15.847299
15850	15.320322
9606	28.202682
3489	19.146273
31211	84.00259
34431	39.029476
63516	32.87778
64797	33.842937
71718	11.394204
70713	25.977774
52453	11.695745
23095	13.700177
44330	24.357258
71552	46.064156
43562	12.426588
55459	6.377338
20050	21.645157
9190	40.39058
7434	45.512894
8933	19.494957
39557	24.750048
39724	8.1672945
41918	2.684191
26899	47.71578
35383	27.223244
22154	40.584538
44676	75.33163
21373	4.6346307
40878	43.96368
64940	7.1808195
30205	40.561573
44140	34.291367
2470	58.358482
53112	13.390068
57800	24.700989
58660	19.980621
19222	32.73926
5387	45.652233
20715	12.986431
63794	18.230947
53804	33.72687
13091	50.721806
7465	180.66895
35203	10.454537
59803	71.29394
32417	29.855076
73290	40.372826
40560	67.473114
15440	6.723447
55111	28.446009
64159	24.912052
7588	95.77085
10118	18.967022
41602	11.549827
7165	24.718184
61367	62.947575
73382	67.0097
22147	55.34032
16112	66.978584
22822	56.991604
37140	7.530763
18202	3.9246345
13883	7.0858784
68904	16.964653
12416	57.846485
44822	6.755398
31309	52.16855
51173	22.808905
38273	17.630594
44854	9.001599
46033	24.26839
33385	17.140448
14229	2.841306
70641	13.296497
13487	21.871635
10695	103.695984
46265	61.43606
27759	6.0798583
69393	72.47471
36897	15.538532
37326	42.71964
26381	22.367123
58486	8.816272
43145	31.267473
47613	13.938994
69485	15.815553
15642	3.614001
23882	21.835619
7371	54.052147
7859	10.626989
20894	103.226265
2186	215.31339
36699	35.997093
39970	10.275541
54031	29.701689
25023	24.997784
42334	5.2200427
21360	4.492493
10243	99.720825
57428	30.746887
16766	35.03823
8625	26.111742
58094	14.194819
46840	69.7957
68317	151.34412
10446	40.453888
42180	53.79428
20724	12.535921
65242	39.231426
58440	46.220585
56238	6.4755163
66105	31.51529
35042	6.5845156
63014	33.6381
68315	100.07192
69602	92.69036
7248	24.470535
64041	21.114538
17331	122.030655
6363	47.783222
7093	72.794266
38756	34.809574
7609	44.170853
19600	57.669357
19067	29.66878
29239	40.245716
43500	27.671837
16627	25.20583
52331	38.312134
66241	39.14218
15362	75.840034
40252	49.895695
42339	23.270521
48014	9.372951
31222	28.799849
57928	14.7518215
46128	8.005373
67923	12.115054
57987	20.067657
25407	36.030968
23056	25.024511
4448	23.14487
23391	33.949017
18766	49.99373
2925	66.27774
39537	17.589647
25280	66.60861
42509	23.797716
61391	63.10272
47095	28.09001
41871	46.676426
27333	11.761224
73127	20.523638
21479	26.197102
16880	29.347075
69643	55.89864
37248	71.93523
1832	14.720914
26453	25.37469
50032	12.530501
61695	89.81171
59817	12.595182
12091	7.4857364
46328	9.3585205
36388	13.380392
46977	74.31109
71981	24.059011
63198	84.9547
6054	26.522894
39177	130.37459
64661	33.250904
34704	55.589115
42237	5.5022187
39007	41.145683
64995	4.573778
39622	3.3363829
27674	17.44131
28746	19.60399
25375	27.874962
19142	12.321756
62582	16.557905
55276	63.887882
14175	73.34885
63129	6.879453
22853	12.047053
46949	59.93009
32670	14.931301
24069	30.553526
37507	40.624672
33239	13.456836
68105	6.8761864
30981	31.418163
4191	74.08453
51353	6.6536903
32029	112.326546
5086	2.633036
34125	60.631676
59739	66.466484
34193	28.806534
40651	3.8280196
20792	6.448909
2284	18.190008
66758	12.881494
29202	12.326661
60660	28.905674
70739	21.002695
41976	40.593155
56695	9.151828
59278	14.209695
47869	9.279389
61700	32.204018
29525	44.362877
9969	35.633816
16096	8.105094
38494	1.8021941
50117	6.0287766
8942	23.841398
64684	36.66588
25428	36.91769
48865	58.130325
31646	20.260952
59387	35.384365
35828	78.137825
7061	5.494791
56312	13.70495
18912	18.931837
28998	38.419365
57217	83.243416
41924	4.9219475
15132	61.399796
61745	19.037552
50915	18.242859
37808	8.217344
45219	60.236317
21029	25.101316
28373	19.181644
4532	81.43731
34706	53.867332
18038	69.64872
39488	31.707407
59771	66.466484
41939	201.71175
41287	26.056023
15476	10.327847
33946	10.515019
32834	29.857944
31094	28.200302
42751	155.52953
28327	12.797819
61049	26.58956
41460	20.34489
36683	68.689964
66420	16.113476
40596	38.626373
20670	11.9938345
17248	59.48202
26492	58.79385
19171	18.709728
73988	11.636897
13604	72.5383
2041	32.836327
30775	16.798777
68748	41.259365
63956	15.795183
63540	25.235537
17690	86.30471
69382	72.23519
58195	25.647308
4539	78.67151
64012	101.61838
30231	38.290386
47753	8.8724985
26233	14.853792
7140	201.93005
26300	37.865395
23038	85.524925
17976	29.21721
15647	151.66652
21655	9.298127
9643	26.64395
5683	7.9554915
42611	23.601458
15150	3.0505903
73729	9.481406
14363	36.973915
73700	102.79025
43150	27.527802
32729	23.078234
60439	81.39895
73713	29.536638
49343	34.334606
49432	12.599771
23617	31.178762
71724	11.962153
32246	108.317474
62475	37.24801
55888	60.28358
65521	15.631303
4974	15.466015
49093	5.5459046
40508	57.125195
24368	72.703255
45892	70.0414
45435	3.6976898
3109	29.264769
38060	238.00948
57316	10.9351225
56139	3.7596204
54475	5.0100775
36641	17.656424
17700	22.043268
46985	100.13312
24782	24.785677
9901	28.734343
40929	27.4464
30095	19.591425
8503	7.824687
23301	37.58387
42161	66.23265
15359	58.971207
60494	14.939969
52910	47.286255
4115	62.959793
71757	12.558687
65978	35.36133
31444	93.57847
15804	45.021183
44739	26.492622
57846	148.2115
15360	54.56336
60904	10.752009
45471	10.408487
63368	42.97294
30224	38.71546
14272	75.619194
12037	33.086205
52391	182.5642
63860	21.742384
1932	10.148616
72966	16.191221
61180	148.72113
35912	80.44377
68459	91.71669
4389	59.8874
21485	26.074003
28411	70.82716
54768	41.12453
43075	24.206886
60944	34.84992
12116	5.3726664
35676	79.21927
49017	14.932914
69880	6.5829024
69325	26.591297
68996	7.3168
13601	71.294304
13195	30.358713
21610	15.30766
52154	21.217503
38767	53.802914
73195	25.603611
28835	83.00905
57447	33.29709
39456	52.73488
4383	333.7164
28268	14.665277
72531	18.490616
41872	45.366074
2996	19.678825
37989	45.806942
5164	39.16324
2666	28.755854
18303	21.957367
67177	18.000238
36576	17.773825
31593	9.983192
64076	90.60797
64844	51.034374
17045	10.898502
54868	11.264972
20509	24.69456
25916	15.681698
4099	93.19386
51043	27.5801
71061	41.647488
5433	6.686816
10866	16.377636
72832	5.3555384
5318	69.897385
41188	22.05243
34549	22.226923
73112	35.693123
24125	8.763516
29070	45.667656
71008	27.893936
30040	84.60956
48182	89.42016
22144	47.47648
31559	104.4876
39367	22.123844
45745	85.183716
38136	6.991931
31683	4.884277
65094	110.493195
63612	104.75359
38476	185.34836
66550	56.284958
72811	140.78206
8589	3.696366
24710	15.863781
37366	36.060894
22500	22.40697
65585	19.473465
36079	12.291841
34731	40.029385
34787	27.414885
59703	21.926468
59133	71.601906
8034	55.84149
15644	24.534124
13208	5.317576
10329	46.158142
46618	13.08141
73136	4.2003703
34763	57.67927
26266	1.5731058
59013	7.3609543
69807	10.025001
31944	11.365938
65754	22.030977
20929	28.428673
58677	25.18419
70661	50.5237
6725	43.040287
50950	14.947921
9186	40.69854
42713	30.222595
13367	16.551836
34609	12.052585
18004	46.622936
69718	28.098248
45460	30.683128
8757	32.153393
65799	29.160685
12006	13.395461
10745	23.600769
70400	32.16134
63022	18.610485
48536	24.342028
13769	26.067677
20898	116.04916
17812	7.4782157
72980	104.71915
34421	22.506424
23816	15.247426
20177	15.7446375
51458	59.960163
47988	10.556801
61073	62.200603
27527	11.277905
23463	44.47429
51392	47.48537
57084	17.236189
17763	6.869637
35013	45.299725
28027	11.490173
58625	234.9344
47694	67.16579
67361	5.1414495
55373	8.989483
60193	26.86035
60880	35.877598
45546	50.814266
24078	27.667244
67703	4.609317
14236	16.772339
72122	78.22304
44348	62.74658
35554	37.619965
45683	69.14776
23912	56.97298
61647	17.975622
38280	15.762961
43815	23.517033
2006	24.38592
7621	43.770054
53054	31.851072
31857	17.960436
62359	43.816856
4009	10.169579
17843	39.57222
51057	5.8169727
28159	140.08685
38292	15.889906
69446	62.166645
4175	12.914408
63737	30.331783
12267	13.315705
17626	19.932392
34687	107.20076
5656	16.293043
40881	38.19857
50692	6.2640066
59270	14.209695
55063	38.02438
48971	28.152029
11344	88.05585
49302	24.78009
11301	48.356426
55441	19.901373
19650	14.834791
23199	590.2082
4162	174.63614
68971	17.4109
5380	24.967329
62552	16.55288
19648	14.323169
10463	14.612275
45178	24.5376
3562	46.558174
15998	101.13304
47128	7.8621697
72941	12.149653
37599	18.979387
45554	42.148182
12304	63.766068
6709	47.83531
18701	36.365524
62728	14.536843
24500	25.252172
73362	69.552315
16768	36.59297
2404	22.43423
48424	28.031786
17069	12.978919
20989	40.3518
49691	48.334824
71014	29.876009
41336	47.209644
57946	43.926228
37132	6.7180266
59488	60.53424
24505	27.490477
9241	93.93382
23927	67.524994
44445	38.74765
69512	55.999203
67424	13.595093
67969	13.595166
54180	70.86564
48627	25.839584
55503	74.281586
6213	7.78701
73989	11.751639
11364	18.578606
6298	82.305595
2298	18.474476
55306	32.26578
48700	6.556441
64296	23.324911
6295	96.9537
25587	61.705364
57419	5.399752
61840	14.437081
18412	38.77009
16753	37.1048
73669	11.873701
50136	36.19934
62612	106.39362
31023	29.89054
3205	34.080696
1723	9.469988
19057	66.04122
67641	48.37125
45607	42.148182
40726	32.883095
57353	16.135805
33852	36.655254
64225	11.545342
23334	41.50674
42524	23.275597
53850	55.970802
42109	15.571041
70890	18.944689
71553	14.027579
40571	69.71801
51175	27.19204
28126	14.7150545
64000	121.059875
11092	7.4986305
55403	54.641647
44697	12.715779
25404	37.207325
23983	9.509468
12336	9.884683
26005	104.68993
4910	50.52127
12415	57.849422
17088	16.21356
40943	47.850502
37825	49.99892
43752	18.90378
31565	88.015396
32381	30.555204
50525	6.9473996
72280	13.344686
55602	9.565079
17983	33.503185
51567	12.535005
66518	100.19685
28322	13.349197
18805	9.294248
52804	23.292034
54629	58.07046
61673	30.975468
69087	35.08123
31439	5.2418528
60766	20.563074
40709	30.222015
66065	30.16868
54343	3.8819196
12303	57.67091
48421	32.82039
33481	39.195545
56726	50.77577
13081	23.795109
55700	24.253801
43031	62.474464
4741	54.81213
53837	28.747211
6118	50.366768
35390	21.166115
56357	12.036739
37377	49.036415
67147	54.075527
5834	10.598239
73762	18.20323
11202	29.63789
9436	6.4113946
32689	6.862543
57601	30.428972
69615	13.640841
64077	97.845665
54575	24.696646
48895	45.445236
45658	37.74851
53546	30.32254
59296	35.407524
63135	10.381896
69781	6.6986227
40930	28.503153
54113	11.53265
41734	62.37289
40941	27.415943
69120	25.690702
62570	26.083622
42576	22.08854
40801	15.551631
12545	71.5397
29717	8.82254
33888	7.2445946
40860	25.185175
73472	37.15484
41930	7.5085554
71221	96.65407
72869	107.27933
24468	25.585888
42589	23.601458
54730	70.31819
52287	10.140931
26139	52.90674
9350	18.792152
26912	23.473919
12608	7.985309
29164	28.725803
54997	18.809269
59924	30.689674
35737	49.70231
39686	70.4857
52298	13.885329
37787	15.497991
54413	39.99154
67917	10.138831
46945	55.051132
13723	12.907932
43679	32.431545
60653	112.0828
62716	12.993703
24262	371.63733
14475	13.247126
32793	15.309858
39270	171.73717
49324	203.0295
40957	41.727642
3549	23.267244
28334	12.797819
72937	240.8091
66413	21.897877
18971	21.640167
35898	74.064896
63271	10.611939
45868	11.243102
38694	25.163397
64289	6.905325
22846	12.047053
31270	2.3667047
27700	22.780668
12498	4.1794167
69965	14.411298
71650	16.956419
51845	29.607914
27442	5.8091025
67421	12.751376
65092	135.91327
62724	12.947512
37098	57.96199
31688	38.381832
30296	27.246895
27033	19.826143
35851	30.516422
8049	23.588459
40984	26.34067
70536	127.91397
20848	19.300009
12522	29.960379
25408	34.730213
14889	10.16727
24883	37.752197
62914	66.82805
17448	16.07765
48187	24.084581
10727	21.67583
19296	26.586384
31729	42.942432
55952	31.98969
48959	28.480204
69050	30.655584
21667	8.0118
10715	28.767725
22270	22.914734
33587	9.150243
70492	23.831232
71846	40.48938
40658	28.739916
22758	8.546652
34299	19.590076
74014	11.766762
31895	10.348291
45140	21.560867
2721	22.948696
52711	9.47
66434	45.095142
40305	18.58817
68351	35.850388
68782	16.639608
28770	27.232742
68092	25.081831
18976	21.460775
8980	9.25006
38082	104.490265
55427	17.929417
8711	22.679247
68627	33.61155
73663	16.25889
22237	25.771765
51111	13.397468
59039	15.471859
58400	41.24198
60976	70.46954
46540	10.678476
8330	8.268588
73223	43.510914
17610	12.254394
64426	45.3612
53170	69.47626
53564	22.517122
39672	24.720198
24969	42.252193
6663	8.63524
59409	36.701786
71944	38.533714
44606	300.93683
43913	11.06067
55588	47.722767
63119	46.02907
9717	36.016132
32025	112.95523
47593	9.257448
4468	66.937035
12353	13.013912
31075	35.59614
50819	14.883607
69130	32.489834
64422	46.162006
52548	162.1191
39719	86.89332
29957	47.139153
17799	125.44348
36972	70.69763
37593	3.0406291
6902	62.021645
29615	23.14639
47527	20.62365
55609	8.755482
73706	33.432617
23865	25.795353
17831	23.185257
36671	68.689964
21681	25.933731
61903	76.926895
35702	12.483526
44568	27.289333
28906	19.040695
26078	99.14268
17650	14.706594
72646	21.16687
45201	7.5746775
41497	19.966469
72775	47.52562
39907	10.367694
23184	40.236687
69324	34.26342
29080	42.496563
13001	12.142106
26469	24.566793
38391	88.47903
17844	35.521545
20261	120.42411
45250	137.4324
13818	29.749855
15342	23.405273
71313	6.3892555
19718	69.15235
34967	30.53228
30460	36.816734
53119	28.030941
6685	23.218897
42775	9.150393
39855	23.250929
3833	19.781559
38497	19.031885
19403	36.3973
62167	44.55788
9276	37.381947
36784	40.810413
4587	29.440834
69127	26.650108
36254	7.4975233
42202	11.312107
2592	20.402468
16767	37.51432
27271	13.190377
39455	59.765675
55864	41.898415
40172	95.32816
58699	48.190853
9683	28.179468
37700	25.262642
18709	72.131294
33726	40.017643
36958	49.264973
60699	138.41322
52067	33.6201
43199	8.842207
35643	20.817675
23802	10.690046
10486	20.409853
30639	29.031403
54257	66.08969
52660	62.29479
55154	42.222183
44066	37.725536
52742	5.688561
37365	40.591045
73675	8.738353
36534	24.419401
65642	85.44648
57548	77.56178
18655	40.916958
64308	110.466805
42774	8.384179
12315	36.402073
71136	13.261709
50509	25.32985
55202	12.896001
60446	74.83339
8777	47.66913
28223	15.18986
2672	7.243613
67181	141.64989
18319	15.681736
13312	39.096874
10216	42.946655
64714	18.14305
23703	27.638367
15791	16.403048
16942	47.85729
20497	108.24191
43035	8.311862
9733	7.587099
64846	41.031822
26402	24.303003
26744	19.233374
53505	22.410683
24204	233.23875
12323	37.108585
64295	21.782503
30560	21.797733
23545	8.553413
25396	22.304684
7254	24.423662
4169	61.892586
66702	52.59534
14426	18.09493
50802	15.463954
30549	20.727186
45672	43.404476
66431	17.686506
54008	44.996918
39028	15.860918
27770	17.814262
36725	8.025315
16711	17.41044
2453	39.290955
39676	14.172543
51441	18.748468
36655	67.75197
63777	22.074596
10960	26.777426
14265	114.75126
69930	14.853017
31203	3.7915964
44560	27.961155
11486	68.67944
50904	12.180657
47806	46.92998
62834	179.33014
65095	121.26332
35533	18.564611
33313	62.17081
11225	55.539326
36698	34.133736
11644	129.79823
63508	19.428307
29101	36.721478
10600	67.340805
6536	10.828042
11237	36.55976
13960	37.186977
10369	40.543747
70113	28.905228
9028	29.552122
62581	13.801124
7802	6.9919996
14336	40.316967
23159	57.45943
60805	40.054855
38562	38.096405
52217	17.465021
20978	31.448076
20194	13.817371
24317	86.185135
70766	53.98078
42868	28.677565
7382	9.07226
30332	61.244305
7033	51.14193
17292	24.993027
51345	29.578152
43779	33.85676
69180	12.949325
41853	8.077356
25392	5.476492
20114	90.84459
43929	7.73205
51432	100.056725
29541	24.791985
33524	44.26951
20259	111.36159
65012	39.83439
15598	41.57854
59297	77.383575
13552	20.25538
42014	32.21442
6079	34.530525
10939	15.754693
5057	31.689966
21045	29.207188
7283	34.94734
34941	86.61937
21850	47.060062
52572	23.228659
52765	81.41674
72723	42.344505
52168	30.925962
29549	27.11466
68577	11.14264
32946	15.132997
31219	10.602822
27298	19.79172
28509	5.3434324
45493	165.68437
20397	4.0870748
23186	37.706367
28940	37.168205
49156	16.026937
17317	99.508095
68153	4.4522862
19442	13.765532
30045	154.78198
8274	108.47372
25649	33.445755
41175	80.61243
39810	94.80745
14134	19.755217
31513	4.8061132
26774	24.198212
31046	30.245365
42996	16.686607
38076	28.858784
68430	40.275875
8233	42.95132
57852	143.92644
37588	62.147404
73648	37.50788
61598	92.27066
8461	37.5111
68178	21.77241
33937	11.586521
2487	17.59005
49290	194.26419
28863	27.778479
53023	33.201294
51204	24.102291
10989	35.90634
5900	34.815586
66596	63.71063
28172	58.46331
21542	1.6212862
38847	216.67395
33259	9.542098
17665	71.64133
60776	5.7777605
45411	10.531423
60946	35.36923
4189	96.009445
42591	21.625877
14267	41.437008
51950	13.588627
39980	12.854156
39966	56.814922
27023	8.197058
52502	30.643215
70236	37.997784
54994	18.291527
32637	12.461698
23732	13.178911
37127	37.51185
73402	28.910727
60541	16.86203
21690	24.731394
57528	27.019865
31657	26.101377
49761	27.678545
21642	8.650001
7196	12.88858
29474	11.059268
11768	104.394455
53483	22.736021
23649	28.516565
32705	11.6206455
67388	32.89567
9719	35.976467
42013	35.11217
57268	10.788312
54876	39.66048
36921	7.1217337
6922	7.7626023
59069	5.029016
18187	11.538657
3428	15.252667
59341	31.430666
2791	5.672655
35436	12.0021105
58242	23.300848
69015	14.033421
53358	62.48589
47264	61.424747
35612	24.59833
16027	39.938396
20988	48.127552
48288	33.881702
54744	29.46397
73654	17.707747
8375	5.423242
36391	17.71747
20035	23.450338
68710	12.462891
65003	3.2041752
15643	26.027828
36737	24.699385
6359	50.910576
4059	8.075664
72568	92.743996
26118	21.80044
10947	29.396496
6931	7.7626023
45997	68.47983
31653	21.599989
67576	14.575931
64429	46.145073
50922	22.418055
4951	13.374732
50818	14.568299
61061	58.456875
14056	34.88274
60065	27.567223
56579	18.350586
9468	15.165737
22040	63.665253
40880	43.425182
3482	144.71828
32704	11.5714445
58234	24.934977
63410	9.439082
53055	31.545353
54508	60.775673
70962	39.258507
27253	45.693867
16240	29.338894
27669	6.314026
29808	77.653885
69088	31.79215
23978	8.627316
62316	74.18794
54135	14.434172
7357	4.6857696
10491	22.958158
38826	144.17657
45980	12.149615
59545	84.499016
35831	36.35384
27353	31.999844
39946	272.6658
31042	34.84612
72154	16.03077
53846	7.353801
31061	30.228676
44504	19.42526
56838	5.997793
32566	24.012339
38377	11.3125925
47856	17.47437
54134	12.532357
40777	18.113884
45925	28.94905
21729	62.27591
2920	63.641544
1916	51.212753
33424	15.134335
49593	131.0473
41208	14.762583
31403	81.84883
64607	59.68018
6467	31.101194
63834	54.964664
43138	20.982794
57134	34.4746
14919	79.37422
66932	35.92922
36378	14.4503975
20515	42.39748
66721	10.563791
34689	104.13507
65818	43.691605
61847	14.394655
43487	7.6361513
57649	58.737556
18441	43.15727
32063	7.9639444
71720	9.878215
32405	22.653389
28439	76.671
42254	10.83243
23508	35.033733
49442	28.37759
14793	27.449183
68282	140.73497
18243	22.872377
19779	3.4672265
69249	67.20036
49125	11.883159
37895	59.215534
58280	25.045065
73971	11.170275
22412	23.487106
49935	45.839985
4783	25.613148
48502	23.147799
29082	38.318264
49862	15.08611
46583	257.8679
2612	42.567505
62181	27.176805
70791	11.122195
6560	14.020579
20167	21.839264
8458	39.23814
45552	41.293926
47608	9.728119
54783	82.25649
9240	85.24242
59707	25.71471
25676	49.962128
32795	47.64687
67674	11.405735
34950	12.608867
47309	13.713838
11646	104.0986
44443	37.426254
45031	28.91763
48623	25.076097
58608	14.500574
1807	20.461216
51566	13.367074
59893	31.537035
41940	225.67868
10150	42.733616
57122	20.295355
52221	13.241644
70495	23.742043
28355	22.335785
25384	18.72135
6472	31.250664
33261	9.648421
32836	29.710234
70507	27.061674
40965	26.462269
50685	53.014107
20971	24.779087
54377	9.818354
23779	16.344385
15656	121.6338
35352	22.79661
27813	27.85384
24063	32.270466
30339	42.732395
10215	44.63764
26862	175.5368
17566	46.10204
34420	20.460598
43435	3.602793
38469	42.188736
12573	84.75107
66494	29.284746
26032	20.369207
38707	7.7754164
41772	55.21277
53209	19.657785
7861	11.343066
24977	47.441196
71591	10.967243
69879	7.777717
65247	88.16307
34458	21.708952
10399	32.41155
29036	5.8903193
48123	22.874605
7598	32.425213
73302	7.917689
70050	30.756998
16253	24.422827
56275	44.806778
32087	10.329006
23196	88.17898
51082	23.817293
70684	36.294296
29592	14.454586
53149	89.05257
33893	7.5945525
55449	24.094599
11066	34.751896
37540	24.362398
22779	49.327866
50366	6.9395866
9639	28.330324
21040	8.113709
42752	146.03265
39122	6.5210757
38192	17.128391
5432	8.095889
62999	14.033639
35847	99.5451
19841	76.683075
71254	35.379314
36929	54.189476
72017	43.672512
71679	15.235655
11230	33.456184
39389	11.931509
23080	52.123417
24424	59.232555
65303	29.652193
14321	45.51125
57023	35.10921
43441	20.296358
66598	69.11696
48813	42.546124
14107	4.571734
61284	10.151662
56198	51.952354
72707	33.307304
38075	30.705532
57376	37.756702
26684	23.862917
48412	57.332497
37853	91.30127
70837	33.062984
29784	42.042843
49824	49.94931
64291	9.136698
59751	66.7507
57036	24.01854
70771	50.882732
65224	131.42357
26309	39.91797
46823	47.31154
28341	9.143888
54318	17.84559
28127	15.125422
68687	16.61083
43523	27.88576
55860	38.036274
40048	12.397492
53827	13.186881
74057	11.793076
72828	20.499847
18595	8.838251
10680	29.68581
19387	14.831969
49627	8.840067
6906	62.021645
46806	38.698368
73399	28.248941
34537	22.142416
32039	71.6495
3521	49.804695
58512	34.126743
62157	203.81741
12418	54.316612
49486	48.37267
37878	36.29473
36284	18.802818
49532	40.96734
8312	8.276661
51235	89.87634
17741	16.005772
37799	11.859763
53294	110.11666
11613	24.29474
32580	24.927969
50488	41.301357
9854	45.79802
36746	24.263111
3282	11.515773
11302	55.751022
48687	38.313267
21495	14.695922
30198	40.12731
72117	20.238352
27658	31.126366
30342	51.438946
11765	104.394455
64009	118.896355
41839	55.257572
64085	33.347504
18115	32.089275
31496	31.4308
25289	65.06102
41223	12.340842
51875	6.3651333
28936	320.25403
49443	46.47261
65534	12.871707
16187	27.399258
54983	75.59298
17588	29.238438
15657	139.01578
19736	100.10748
50015	8.415883
66344	97.1091
73119	35.096302
35130	19.16028
7378	15.061481
13186	35.55652
34849	41.712795
56108	30.055786
69621	14.031532
19453	21.478857
31672	10.08689
70513	18.917
29813	77.653885
58061	15.357423
71855	14.889318
20959	28.41729
35330	33.783638
45298	62.63119
37712	19.251415
40061	29.365303
70289	11.716287
72778	51.565212
71577	43.688435
56339	9.103061
4609	92.211784
11707	24.06157
58193	28.021366
28849	27.145922
73932	20.343258
45828	29.82096
36242	32.087677
63535	23.828732
38955	6.306855
16464	3.3054526
16054	19.278307
70669	4.3815084
19060	12.412332
10370	48.66507
15157	18.012955
49621	8.093175
23741	5.779486
5976	5.9835005
63260	56.95075
69281	58.81141
14234	14.983797
63458	31.606174
65395	29.849962
31748	14.383072
49740	25.281443
36525	25.442858
11063	34.751896
10503	24.07392
23767	35.64506
33527	40.996094
41186	27.759075
12662	12.000862
69698	24.289413
32206	80.02872
57495	30.547491
50446	7.74443
3711	8.001132
15912	9.433958
73741	7.82446
68217	169.48657
38691	28.658716
55556	38.498775
51260	118.53357
70510	22.77163
59515	77.95898
68857	37.866673
49391	59.829357
70663	8.730677
14437	55.138416
43172	30.577307
37978	20.32223
11162	16.773714
44076	40.925365
42725	26.27236
68741	41.489456
56701	19.012388
65502	10.443584
44072	42.199112
6968	6.9537883
36886	12.534171
14588	19.98976
15795	8.993747
24972	54.483055
52770	25.858757
39610	5.903435
6754	44.123356
4207	26.433575
5543	21.143019
44858	117.801025
70497	22.291552
70195	59.36622
8067	29.208366
62652	16.305714
23226	66.04245
31299	17.943653
23499	30.58328
46184	14.207622
26791	18.92105
28531	11.717902
61478	45.045876
54469	5.949173
19909	62.25479
45623	9.5221815
27413	9.861239
30742	63.272633
26675	20.723
42714	28.751375
12292	14.121655
7780	28.971928
14703	35.418705
73556	69.30582
5582	82.56473
49323	60.73335
65384	17.3309
19673	14.666992
19050	47.67403
64197	11.381593
51709	3.8707159
11942	6.9520726
53012	41.005337
11146	32.276867
43258	5.7834992
30999	11.097719
25025	107.51789
19337	5.4849024
20589	5.787014
53666	14.620459
43328	6.5825634
32941	15.134038
13383	19.671213
13359	16.115122
51548	9.830535
65231	47.72351
18415	39.81076
58356	25.678553
57657	53.063602
14357	6.84406
48844	23.008944
58277	24.379774
51763	24.36944
26665	64.50001
28456	61.79235
61533	9.90849
60779	24.54547
74098	89.207214
27095	28.965773
31261	10.042467
60287	30.243088
46375	9.893884
27889	34.95719
52190	26.677876
60892	48.783302
14739	134.33437
9747	36.35038
23905	56.94656
54102	29.256626
55527	44.000446
63719	38.687897
49803	51.283913
11088	31.103361
62394	32.489548
17603	15.870994
1871	20.991999
70101	10.315229
44567	22.06645
10724	16.324587
56418	60.318146
37319	58.052757
36957	45.462547
58313	26.763649
36676	68.689964
34786	29.168749
2138	18.74249
35175	4.0384994
36623	27.889128
35896	68.85486
50445	7.7450137
5087	2.2816772
15915	106.04941
44461	125.657265
11419	13.3806505
34681	7.93704
66432	22.111496
26984	351.7406
61404	22.837973
35181	45.97761
6998	54.589027
68084	16.145887
41462	26.124664
4359	12.714135
43897	29.140833
34931	9.449705
50151	37.136436
48624	16.13728
28143	48.185364
10567	37.58324
58899	29.12297
70792	11.428997
49135	11.270397
6551	32.942276
29214	151.42151
44963	44.04959
46476	17.13971
73533	10.361498
6138	23.241392
49473	10.325685
24988	135.15602
38081	78.4286
63957	13.8970995
40093	35.300358
69657	10.652422
15955	6.3672314
33038	31.578619
29486	46.220108
30001	10.386643
15074	22.855982
19627	15.313341
39029	13.553569
33892	6.9527683
66699	52.5475
43104	7.640156
15112	21.254349
70808	6.675586
22433	6.7622848
55672	15.549339
25270	74.735
2037	32.836327
3982	25.19008
64394	19.62723
47382	39.819324
15864	13.51595
16309	16.235308
50317	70.93456
4258	4.1779695
67565	14.094609
16043	18.523096
62717	12.968437
60540	13.828595
44013	45.91712
36670	68.689964
64412	39.066418
34686	7.722694
42080	6.4221854
33070	2.8667948
60471	288.49384
60201	151.13036
8837	22.694818
46400	80.28752
46942	57.835155
45933	33.76728
25945	15.314757
18516	26.476854
45236	18.383446
24376	61.146626
42628	15.937315
19121	93.62412
34469	18.608606
27761	10.278117
68734	12.343877
57797	21.979826
44820	7.9253435
52788	26.056686
5556	19.605326
61591	7.830904
9726	68.00111
57351	17.159365
57140	33.478855
43330	5.160175
7113	32.72752
38488	179.94025
26221	15.158643
30687	39.969906
38370	10.981833
22394	19.07651
51112	12.171751
39323	36.97349
39974	11.058807
37379	36.32847
60073	27.589409
6967	5.126513
3083	28.785328
64954	45.64412
63396	10.535113
46087	25.942062
72229	22.553976
9713	79.268265
72877	110.59093
65365	35.945347
69713	23.31463
47106	31.679985
52001	7.058223
45983	11.017509
71535	170.14803
18390	12.287441
68718	16.855097
46159	22.602217
57503	11.917903
19189	44.594116
62014	73.98918
40000	2.1744387
74065	47.87591
40224	39.587917
37650	17.799059
70315	92.84628
45734	48.287643
2897	78.45482
44452	13.861954
47873	170.83275
4846	132.52803
24894	47.441196
16127	101.04203
3438	20.240326
21822	31.34051
50367	7.384525
3222	37.727837
31833	63.97877
39224	9.008812
30804	26.335016
25908	11.060286
5764	12.77882
50858	29.421465
10950	27.589289
13303	37.459053
36594	9.119113
8136	19.599436
48573	37.529217
73406	34.773487
26956	39.708115
70120	32.58661
14389	5.123869
51885	70.805405
56845	83.752365
67867	10.063528
34845	35.30617
58038	10.752821
50702	103.872444
54233	15.532401
54194	18.888128
57205	8.866818
45107	4.1756983
14701	32.178776
65966	26.79217
40582	67.464096
39188	98.26123
21155	70.52899
60843	28.754827
3798	35.37589
27132	76.34249
58236	24.89338
41636	5.294249
21494	6.420808
7282	27.701223
19158	32.238842
51987	27.487152
22173	51.382305
8039	56.346558
9864	43.717575
14456	43.270493
57489	55.59979
38864	7.5433674
2461	43.612446
61482	64.113205
51259	119.14834
11784	11.196383
30162	36.421787
28595	74.3415
21290	121.78721
46777	14.303233
31448	94.6793
72785	28.600159
35899	81.30828
48821	42.546124
62291	15.654581
42426	26.681961
44208	9.714648
73036	58.400055
44174	52.023586
63536	25.288528
24940	38.196434
67839	5.9831276
72152	12.027754
64863	17.104853
23922	62.798958
48885	50.682674
46960	43.839478
53516	172.50757
22847	12.047053
53513	21.5459
41878	57.423695
19097	87.18887
61473	44.073013
17788	32.66437
18086	9.38951
30995	100.32378
62006	13.160574
32265	17.936237
58311	25.95997
19689	51.564484
33508	26.896389
11537	12.850602
7747	31.953808
56168	6.195902
54681	16.819849
55468	236.01543
64889	7.406596
45013	37.391106
9820	27.05674
56578	384.03412
2796	4.782697
46024	20.419943
6332	43.237904
29265	47.88672
14792	28.750008
22641	6.028809
21646	10.867282
9104	33.84043
62362	51.126114
72930	31.796986
35446	38.760906
14715	46.082134
11488	68.93006
58191	23.376186
30109	13.04907
29163	27.174044
4857	7.630486
72278	16.244078
62121	75.460945
67643	47.170597
57930	10.575173
73524	11.831474
53290	100.43982
25253	16.381168
36747	25.262602
15978	112.48717
8789	65.35753
6462	26.405357
55621	6.3777075
26901	50.066895
14191	4.6628084
62130	72.64918
40143	83.99911
61283	10.151662
12053	36.7045
41163	45.83519
11878	33.851192
53388	71.69331
22663	35.51587
56140	2.6433375
2814	127.45156
44441	37.426254
15355	48.565014
20977	8.242148
73665	21.74022
11074	28.31831
46242	11.069143
46953	93.96044
64471	29.55602
70506	26.105616
44584	151.14482
31881	83.80049
29734	8.82009
8604	108.46095
37702	15.432178
18470	46.934944
13473	21.871635
34090	27.684828
17117	43.612686
43799	31.585682
20776	75.92447
7827	26.202572
24100	24.539717
43603	33.286808
22723	12.960123
72276	17.101898
30659	2.8247356
71742	25.179214
20499	23.833109
70311	139.8009
62822	58.99389
7681	10.593395
3307	90.28307
68172	16.028355
47292	63.608845
21329	3.658162
64994	4.056483
2598	49.996815
57438	39.821373
37939	7.870878
58964	10.003721
6908	62.021645
49000	14.714257
37455	8.856765
11012	17.366812
4763	30.697874
48335	27.49994
55264	55.829388
9482	10.724623
34344	16.970718
26760	59.78175
15992	18.306343
2443	45.341053
64218	17.47112
3423	13.308442
45153	33.540836
30927	51.674404
28467	10.535411
73181	33.66361
43654	31.295107
21261	44.57651
20186	13.817371
48074	4.7346525
48538	2.6353683
36756	23.751965
67534	14.99869
51852	41.695507
9915	6.4989176
26713	69.99585
16865	57.85698
56550	21.384537
56222	80.677666
19575	45.258163
56042	74.78898
9123	13.073146
66336	41.67377
13448	2.0914328
22958	22.847975
53470	20.36718
26044	4.628304
32089	13.249843
67871	10.339913
29234	41.992455
70809	6.4678946
28803	52.428574
13120	9.047376
46573	263.49203
35569	16.672523
60506	22.369953
71488	42.79511
15383	13.748288
26107	34.006874
41690	37.642513
22310	4.4868016
33281	10.690123
55491	74.281586
5641	33.56224
43905	202.54097
54477	7.993688
70623	24.522028
15285	25.365498
40561	65.485825
3756	22.43432
66287	49.637722
63398	9.408898
25678	67.18457
56533	20.12775
42008	29.493149
54662	7.3620343
17771	91.1818
13202	5.447987
45078	8.7487755
32295	77.5007
13962	48.328197
25696	49.878986
61605	87.702484
4782	27.911777
24499	26.75598
19901	34.931644
43828	282.5538
24021	28.773691
46236	12.940622
16484	21.619322
18802	8.579384
40935	29.334957
29314	97.7358
2701	2.8772745
24202	43.79458
4546	3.0056245
22896	33.016235
74097	86.34897
27914	3.3148193
31640	15.4091425
55863	38.036274
61451	43.846016
26121	16.31005
68070	105.08523
28212	13.20818
15659	109.22919
39912	11.877332
31900	76.687675
55698	26.644176
13462	80.803696
60224	20.13166
74038	5.6557837
26666	64.50001
21439	10.971901
73088	42.2543
27508	6.044327
32683	10.014754
26140	62.639984
5363	51.91177
32156	19.865925
42770	9.0879
61610	89.11995
40316	39.80284
7313	25.612797
61975	58.743073
41718	29.545984
54882	40.030437
62177	21.739435
21153	64.05721
6315	98.96745
34385	24.9582
28895	19.337076
14944	73.82322
22928	4.3728456
31408	194.1454
46127	8.948648
48416	11.291874
62361	51.126114
30606	5.4028406
69864	17.610731
72470	12.798301
43900	27.140839
63510	25.288528
66616	59.137283
25632	31.105753
30062	16.293787
30102	15.343707
46354	10.385646
61853	13.44918
46504	10.669572
71622	19.58908
47932	12.130035
17557	2.3857749
4079	52.31835
4269	3.3914616
68071	143.50803
9788	58.666473
5561	21.24861
34042	5.53035
57905	3.410647
17804	243.10632
44815	29.426058
31404	80.622475
14288	17.955734
2158	18.543125
15623	11.637078
41358	22.914177
65042	5.7787237
24198	39.904102
35614	24.632683
61443	30.613886
72373	54.032524
67670	246.55052
22874	27.174171
12566	21.488749
28952	297.63638
69825	89.83789
57605	25.366295
21300	3.9736128
24788	120.55356
33120	13.431073
14441	47.489975
7032	46.38025
7783	28.514439
50008	9.194659
67740	61.77402
51629	34.052013
51711	4.7519546
36390	19.188173
16432	27.567987
57431	30.179369
29320	3.5808096
53318	34.75531
67381	102.74907
63078	11.129952
70377	27.390453
38396	88.32947
21782	81.84368
24934	43.077324
60909	22.944536
54721	74.5992
28321	15.469439
59308	71.051674
10679	24.559526
26207	15.93886
35044	6.406569
11158	37.042572
16487	19.974186
16879	28.529613
58869	9.579079
45940	15.688624
30201	37.90492
47938	109.255554
42508	26.804834
60962	35.379612
46238	12.940622
14153	45.090458
35833	41.18144
12698	67.55006
32684	14.127609
21200	33.231327
36924	5.3384566
40428	51.577915
48511	8.8229265
23607	26.859655
62849	90.73921
52580	23.545914
11966	29.818735
14470	55.80524
36179	18.747288
49677	27.843344
55911	209.1845
11821	20.317043
51344	29.014849
37264	38.902863
41733	52.91086
63533	21.407724
19595	73.584145
35938	92.0909
59706	22.281742
14699	34.62404
71681	27.571629
65994	41.28343
74146	39.986248
70862	39.735023
63254	56.241253
15904	24.10672
39181	76.34385
7884	72.597084
22371	21.59656
64045	32.553413
27371	10.797349
33371	16.257643
40708	30.76791
12404	61.53914
12728	31.97254
25291	65.50776
24595	71.084114
30886	10.340803
17693	7.290402
27550	5.5318413
7786	25.772142
32810	46.645393
70790	13.30009
28837	42.596962
66633	15.736191
35063	28.175518
67118	26.799839
65009	35.979553
49599	9.735374
12319	35.014355
70509	26.051697
18238	19.614897
29251	39.35339
36437	24.58329
20385	10.785542
28287	12.507083
28772	27.231993
5197	23.963583
21861	8.252203
21131	103.612335
29104	43.46212
3769	26.524471
32970	22.39141
15064	20.898045
13406	2.4392593
63690	70.99927
32515	41.568703
27366	45.621353
1939	33.476555
32679	16.611513
28156	87.008896
18433	18.185926
22328	14.861333
47832	44.243237
13795	28.736486
58966	48.248943
17876	37.331165
43564	12.428707
18134	25.429758
39285	12.110425
60205	37.989384
72056	108.01497
33520	44.456093
63515	25.288528
27088	5.517394
73760	13.204959
73689	15.736021
12605	82.01146
38005	49.87893
56199	61.03308
48267	8.401544
49136	13.776974
72776	50.62375
14335	44.492126
12579	6.5435543
10816	26.529879
62262	117.12513
59693	24.966524
54327	7.779366
18671	23.411467
64091	6.273683
38579	19.866405
31398	82.45341
16014	174.62224
28767	32.459087
27537	75.46124
63446	28.384184
29886	29.034582
67646	43.56067
6471	35.430157
38821	71.74841
61493	14.3671
26341	115.91967
21378	7.1596365
43508	27.88576
62146	20.752136
38458	27.399176
3292	8.682943
44368	2.889379
50568	31.18912
51966	13.933179
44370	32.99601
29905	27.105043
33902	10.630497
66953	38.172997
7969	44.29748
12831	30.6799
71116	75.12115
51174	19.80661
49166	13.601439
36264	13.271923
45384	15.09721
20816	8.033378
2775	28.135515
40250	51.107132
38174	15.278831
40714	26.4164
55709	68.111824
63161	96.08618
4562	28.437857
25052	144.95572
67796	17.839243
67401	48.52858
46264	8.408562
35089	6.952084
15738	34.44092
56902	119.45622
58594	113.70397
21444	10.734817
40717	32.883095
44163	14.0936985
10696	108.76469
35964	6.5493193
13057	26.301722
19093	76.89409
20768	63.047554
58541	28.522337
42253	15.359769
62668	34.12416
71480	38.134808
55413	76.16374
18379	11.603033
70958	43.808525
43548	70.37171
61195	20.219603
60862	35.74278
22784	46.316185
31914	9.848041
36680	68.689964
51388	17.545427
72901	5.3018403
43114	39.33535
30096	18.834959
27141	19.034664
62937	148.83157
32742	22.974375
17571	28.317774
15357	66.216034
19447	5.1530495
33758	2.275294
2422	19.740694
6452	27.02248
14997	32.754734
52870	49.145596
36687	24.763124
59121	50.962944
2946	6.855586
3215	34.138557
38595	32.41688
20822	7.9444327
23682	27.927942
39098	245.57018
43549	91.40101
1934	10.9494
23645	32.071056
23177	42.052807
58310	24.495716
34306	17.492447
19922	14.177455
62968	45.31196
72291	29.750214
7411	56.66669
21396	10.470435
9944	2.7791874
41387	31.205698
21050	7.7369704
30403	23.909506
59448	3.1444423
7270	11.034494
32748	26.592688
63256	55.854347
55510	69.7499
1768	20.537695
20723	12.042536
15625	5.173333
51844	38.13429
